#pon5
3081,3076,3030,3020,3017,3032,3005,3003,3015,3027,3007,3018,3014,3052,3068,3019,3031,3074,3026,3025,3023,3009,3079,3021,3060,3012,3059,3082,3051,3001,3061,3028,3065,3066,3070,3056,3008,3016,3055,3010,3063,3013,3024,3054,3073,3080,3011,3004,3058,3029,3053,3069,3064,3062,3075,3002,3006,3072,3077,3057,3067,3071,3022

#POn6
3172,3175,3165,3169,3000,3112,3189,3126,3118,3109,3110,3177,3114,3135,3179,3116,3136,3188,3127,3181,3122,3130,3124,3178,3173,3174,3128,3170,3138,3117,3134,3137,3184,3120,3185,3132,3190,3166,3180,3161,3133,3183,3139,3159,3187,3111,3164,3123,3168,3176,3119,3182,3113,3160,3171,3121,3125,3131,3162,3163,3167,3186,3115

#PON7
[3116,3094,3092,3054,3185,3055,3057,3101,3070,3091,3142,3058,3056,3139,3023,3093,3141,3102,3129,3143,3074,3052,3132,3073,3123,3060,3062,3146,3186,3064,3068,3112,3130,3133,3105,3147,3096,3069,3059,3095,3063,3108,3097,3067,3107,3110,3072,3061,3145,3183,3066,3114,3103,3106,3144,3104,3065,3131,3111,3109,3071,3051,3053]

#pon10
[3302,3285,3286,3078,3304,3239,3306,3278,3287,3153,3356,3288,3357,3105,3155,3284,3233,3040,3106,3038,3034,3308,3237,3088,3158,3152,3157,3305,3351,3303,3104,3235,3107,3269,3103,3283,3086,3085,3101,3108,3036,3234,3261,3301,3039,3037,3156,3358,3352,3236,3033,3290,3354,3307,3151,3035,3102,3353,3238,3240,3355,3224,3083,3087,3289,3084,3154,3089]

#pon11
[3367,3316,3368,3387,3332,3338,3326,3322,3369,3359,3314,3313,3315,3331,3385,3378,3310,3379,3321,3372,3320,3323,3311,3365,3325,3360,3370,3312,3366,3334,3361,3377,3328,3336,3318,3363,3384,3339,3376,3337,3324,3317,3373,3382,3330,3389,3375,3381,3340,3333,3390,3388,3327,3364,3386,3380,3374,3371,3383,3309,3329,3319,3335]

#pon13
[3008,3016,3003,3027,3025,3010,3078,3005,3045,3009,3024,3041,3002,3088,3030,3031,3090,3089,3000,3084,3018,3082,3075,3000,3019,3044,3020,3022,3086,3004,3080,3006,3029,3043,3087,3081,3017,3032,3021,3047,3014,3033,3079,3026,3013,3001,3037,3015,3083,3040,3038,3077,3012,3011,3007,3028,3046,3035,3076,3085,3034,3039,3036,3042]

#pon19
[3205,3212,3257,3275,3281,3258,3221,3256,3262,3279,3219,3231,3273,3264,3272,3266,3260,3274,3268,3276,3253,3227,3201,3229,3228,3282,3263,3213,3254,3202,3208,3280,3211,3214,3270,3267,3230,3218,3232,3203,3207,3225,3226,3206,3217,3251,3220,3259,3215,3255,3265,3216,3252,3210,3223,3204,3277,3271,3222]

#pon28
[3161,3000,3121,3184,3152,3158,3113,3179,3187,3164,3189,3178,3137,3169,3174,3153,3160,3157,3182,3134,3125,3000,3118,3196,3136,3180,3124,3140,3159,3194,3138,3151,3120,3197,3172,3155,3122,3170,3188,3177,3126,3171,3175,3190,3127,3168,3154,3117,3135,3119,3128,3173,3156,3181,3176,3167,3165,3193,3163,3191,3192,3166,3195,3162]